416, 530
402, 530
389, 529
381, 528
378, 527
384, 525
395, 522
407, 519
417, 516
422, 515
422, 507
423, 490
423, 470
424, 453
424, 445
421, 444
415, 443
407, 441
398, 439
390, 436
381, 433
374, 428
366, 422
360, 416
355, 409
352, 402
350, 395
349, 389
348, 384
348, 382
348, 382
350, 382
352, 383
354, 383
354, 384
354, 385
355, 389
356, 395
358, 401
361, 408
366, 414
372, 419
380, 425
388, 429
394, 432
400, 435
406, 436
411, 438
416, 438
420, 439
423, 439
426, 439
428, 439
416, 527
403, 525
391, 522
384, 520
382, 518
387, 517
397, 516
408, 515
418, 514
422, 513
423, 506
423, 489
424, 469
424, 452
424, 444
422, 443
416, 441
408, 439
400, 436
392, 432
384, 428
377, 422
371, 416
365, 410
361, 403
359, 396
357, 389
355, 383
355, 379
355, 377
355, 377
357, 378
358, 378
360, 379
360, 379
361, 381
361, 384
362, 390
363, 396
366, 402
370, 408
376, 414
383, 420
390, 425
396, 429
402, 432
407, 434
412, 435
416, 437
420, 437
423, 438
426, 439
428, 439
418, 525
407, 520
397, 516
391, 513
389, 511
393, 510
401, 511
411, 512
419, 512
423, 512
424, 505
424, 488
424, 468
425, 451
425, 444
423, 442
418, 440
411, 437
404, 433
398, 429
392, 424
386, 418
380, 411
376, 405
373, 398
371, 392
369, 385
368, 379
368, 375
368, 373
368, 373
369, 374
371, 374
372, 375
372, 375
372, 377
373, 380
373, 386
374, 392
377, 398
380, 404
385, 410
390, 416
396, 421
401, 426
406, 429
411, 432
415, 434
418, 435
421, 436
424, 437
426, 438
428, 439
421, 523
412, 517
405, 512
401, 508
400, 506
403, 506
409, 507
416, 509
422, 511
425, 511
425, 504
426, 487
426, 467
426, 451
426, 443
425, 442
421, 439
416, 435
411, 431
406, 426
402, 421
397, 414
394, 408
391, 401
388, 395
387, 388
386, 382
385, 376
385, 372
385, 370
385, 370
386, 371
387, 372
388, 372
388, 372
388, 374
388, 378
389, 383
390, 388
391, 394
394, 400
397, 407
401, 413
405, 419
409, 423
412, 427
416, 430
419, 432
421, 434
424, 436
426, 437
428, 438
429, 439
425, 522
420, 515
416, 509
413, 505
412, 502
414, 503
418, 505
422, 508
425, 510
427, 511
427, 503
428, 487
428, 467
428, 450
428, 443
427, 441
425, 438
422, 434
419, 429
417, 424
414, 419
412, 412
410, 406
408, 399
407, 393
406, 386
405, 380
405, 374
405, 370
405, 369
405, 369
405, 369
406, 370
406, 371
407, 371
407, 372
407, 376
407, 381
407, 387
408, 392
409, 399
411, 405
414, 411
416, 417
418, 422
420, 426
422, 429
424, 431
425, 434
427, 435
428, 436
429, 438
430, 439
429, 522
428, 515
427, 508
426, 504
426, 501
427, 502
427, 504
428, 507
429, 510
429, 511
429, 503
430, 487
430, 467
430, 450
430, 443
430, 441
430, 438
429, 434
429, 429
428, 424
428, 418
427, 412
427, 405
426, 399
426, 392
426, 386
426, 379
426, 374
426, 370
426, 368
426, 368
426, 369
426, 370
426, 370
426, 371
426, 372
426, 375
426, 380
426, 386
427, 392
427, 398
427, 404
428, 411
428, 417
428, 422
429, 425
429, 429
430, 431
430, 433
430, 435
430, 436
431, 437
431, 438
433, 523
436, 515
439, 509
440, 505
441, 503
440, 503
438, 505
435, 508
433, 510
432, 511
432, 503
432, 487
432, 467
432, 450
433, 443
433, 441
434, 438
436, 434
438, 430
440, 425
441, 419
443, 413
444, 406
446, 399
446, 393
447, 387
447, 380
448, 375
448, 371
448, 369
448, 369
448, 370
447, 370
447, 371
447, 371
447, 373
447, 376
447, 381
446, 387
445, 393
445, 399
443, 405
442, 411
440, 417
439, 422
438, 426
436, 429
435, 432
434, 434
434, 435
433, 436
432, 438
432, 439
437, 524
444, 518
450, 512
453, 508
454, 506
452, 506
447, 507
441, 509
436, 511
434, 511
434, 504
434, 487
434, 467
435, 451
435, 443
436, 442
439, 439
443, 435
447, 431
451, 426
455, 421
458, 415
461, 408
464, 402
466, 395
467, 389
468, 382
469, 377
469, 373
469, 371
469, 371
468, 372
468, 372
467, 373
467, 373
467, 375
466, 378
466, 383
465, 389
464, 395
462, 401
459, 407
455, 413
452, 419
449, 424
446, 427
443, 430
441, 433
439, 434
437, 436
435, 437
434, 438
433, 439
440, 525
451, 521
459, 517
465, 514
466, 512
463, 511
455, 511
447, 512
439, 512
436, 512
436, 505
436, 488
436, 468
436, 451
436, 444
438, 442
442, 440
448, 437
455, 433
461, 429
466, 424
472, 418
476, 412
480, 406
483, 399
486, 392
487, 386
488, 380
489, 376
489, 374
488, 374
487, 375
486, 375
485, 376
485, 376
485, 378
484, 381
484, 386
482, 392
480, 398
477, 404
473, 411
467, 416
462, 422
458, 426
453, 429
449, 432
446, 434
442, 435
439, 437
437, 437
435, 438
433, 439
443, 528
455, 525
466, 523
474, 521
476, 519
471, 518
462, 516
451, 515
441, 514
437, 513
437, 506
437, 489
437, 469
437, 452
438, 444
440, 443
445, 442
452, 439
460, 436
468, 433
475, 428
482, 423
489, 417
494, 411
498, 404
501, 397
503, 391
504, 384
505, 380
505, 378
504, 378
503, 379
501, 379
500, 380
499, 380
499, 382
499, 385
498, 391
496, 397
493, 403
489, 409
483, 415
477, 421
470, 425
464, 429
459, 432
454, 434
449, 436
445, 437
441, 438
438, 438
436, 439
434, 439
444, 530
458, 530
471, 530
479, 529
481, 528
476, 525
465, 522
453, 519
442, 516
438, 515
438, 507
438, 490
438, 470
438, 453
438, 445
441, 444
446, 443
454, 442
464, 440
472, 437
481, 433
489, 429
496, 423
503, 417
507, 410
511, 403
513, 396
515, 390
516, 385
516, 383
515, 383
513, 384
511, 384
510, 385
509, 385
509, 387
508, 391
507, 396
505, 403
502, 409
497, 415
490, 420
482, 425
475, 430
468, 433
462, 435
456, 437
451, 438
446, 438
442, 439
439, 439
436, 439
434, 440
443, 532
458, 535
471, 537
480, 538
482, 537
476, 534
465, 528
452, 523
442, 519
438, 516
438, 508
437, 491
438, 471
438, 454
438, 446
440, 446
446, 445
454, 444
464, 443
473, 442
481, 439
490, 435
498, 429
505, 424
510, 417
514, 410
517, 403
518, 396
519, 391
519, 389
519, 389
517, 389
515, 390
513, 390
512, 390
512, 392
511, 396
510, 402
508, 409
504, 415
499, 421
491, 426
483, 431
475, 434
468, 437
462, 439
456, 440
450, 440
446, 440
442, 440
439, 440
436, 440
434, 440
442, 535
455, 540
467, 544
475, 547
477, 546
472, 541
461, 534
450, 527
441, 520
437, 517
437, 509
437, 492
437, 472
437, 455
437, 447
439, 447
444, 447
452, 447
460, 447
469, 446
477, 444
485, 440
493, 436
499, 430
505, 424
508, 417
511, 409
513, 402
514, 397
514, 395
513, 395
511, 395
509, 395
507, 395
506, 396
506, 398
506, 402
505, 408
502, 415
499, 421
493, 427
486, 432
479, 436
471, 439
464, 441
458, 442
453, 442
448, 442
444, 442
441, 441
438, 441
436, 440
434, 440
439, 537
449, 544
459, 550
465, 554
467, 554
463, 548
454, 539
445, 530
438, 522
435, 518
435, 510
435, 493
435, 472
436, 455
436, 447
437, 447
441, 448
447, 449
454, 450
460, 449
467, 448
474, 445
480, 441
486, 436
490, 430
493, 423
495, 415
497, 408
498, 402
498, 400
497, 400
496, 400
494, 400
492, 400
492, 400
491, 402
491, 407
490, 414
488, 420
485, 427
481, 432
475, 436
468, 440
462, 442
457, 444
452, 444
448, 444
444, 444
441, 443
439, 442
436, 441
434, 441
433, 440
435, 538
441, 547
447, 554
451, 559
452, 559
449, 553
444, 542
439, 531
435, 523
433, 519
433, 511
433, 493
433, 473
434, 456
434, 448
435, 448
437, 449
441, 450
445, 451
449, 452
453, 451
457, 449
461, 445
464, 440
467, 434
469, 427
471, 419
472, 412
472, 406
472, 404
472, 404
471, 403
470, 403
469, 403
468, 404
468, 406
468, 410
467, 417
466, 424
464, 430
461, 435
458, 439
454, 443
450, 445
446, 446
444, 446
441, 445
439, 445
437, 444
435, 443
434, 442
433, 441
432, 440
431, 538
432, 547
433, 556
434, 561
434, 561
434, 554
433, 543
432, 532
431, 523
431, 519
431, 511
431, 494
431, 473
431, 456
431, 448
432, 448
432, 449
433, 450
434, 452
435, 453
436, 452
436, 450
437, 446
438, 441
439, 436
439, 428
440, 420
440, 413
440, 407
440, 405
440, 405
440, 405
440, 404
440, 404
439, 405
439, 407
439, 412
439, 418
439, 425
438, 432
438, 437
437, 441
436, 443
435, 445
434, 446
434, 446
433, 446
433, 445
432, 444
432, 443
432, 442
431, 441
431, 441
426, 538
423, 546
419, 554
417, 559
416, 559
418, 552
421, 542
424, 531
427, 523
428, 519
428, 511
429, 493
429, 473
429, 455
429, 448
429, 448
427, 449
425, 450
423, 451
420, 452
418, 451
416, 448
413, 445
411, 440
410, 434
409, 427
408, 419
408, 411
407, 406
407, 403
408, 403
408, 403
409, 403
409, 403
410, 403
410, 405
410, 410
410, 417
411, 424
412, 430
413, 435
415, 439
418, 442
420, 444
422, 445
423, 446
425, 445
426, 444
427, 443
428, 443
429, 442
430, 441
430, 440
422, 536
414, 544
406, 550
401, 554
400, 553
403, 548
410, 539
417, 529
423, 522
426, 518
426, 510
426, 493
427, 472
427, 455
427, 447
426, 447
423, 448
418, 449
413, 449
407, 449
402, 448
397, 445
392, 441
388, 435
384, 429
382, 422
380, 414
379, 407
379, 402
379, 399
379, 399
381, 399
382, 399
383, 399
384, 400
384, 402
384, 406
385, 413
386, 420
388, 426
392, 431
396, 436
401, 439
406, 442
410, 443
414, 444
417, 444
420, 443
423, 443
425, 442
427, 441
428, 441
429, 440
419, 535
407, 540
397, 544
389, 546
387, 545
392, 541
402, 534
412, 526
420, 520
424, 517
424, 509
425, 492
425, 472
425, 454
425, 447
423, 446
419, 446
412, 447
405, 446
397, 445
390, 443
383, 440
376, 435
371, 429
366, 423
363, 416
361, 408
360, 401
359, 396
359, 394
359, 394
361, 394
363, 394
365, 394
365, 395
365, 396
366, 401
367, 407
368, 414
371, 420
376, 426
382, 431
389, 435
396, 438
402, 440
407, 441
411, 442
416, 442
419, 441
422, 441
425, 441
427, 440
429, 440
417, 532
403, 535
391, 537
382, 537
380, 536
386, 533
396, 528
408, 523
418, 518
422, 516
423, 508
423, 491
424, 471
424, 454
424, 446
422, 445
416, 445
409, 444
400, 443
391, 441
383, 438
375, 434
368, 428
361, 422
357, 416
353, 409
351, 402
349, 395
349, 390
349, 388
349, 388
351, 388
353, 388
355, 389
356, 389
356, 391
356, 395
357, 401
359, 408
362, 414
367, 420
374, 425
382, 430
389, 434
396, 436
402, 438
408, 439
413, 440
417, 440
420, 440
423, 440
426, 440
428, 440
430, 530
430, 440
